0.000000	-0.029001	0.100622
0.100000	-0.046167	0.100931
0.200000	-0.034746	0.099976
0.300000	-0.038411	0.100025
0.400000	-0.034257	0.101003
0.500000	-0.034291	0.100021
0.600000	-0.032213	0.099959
0.700000	-0.031324	0.099988
0.800000	-0.029890	0.100039
0.900000	-0.028816	0.100014
1.000000	-0.027626	0.099953
1.100000	-0.026565	0.100038
1.200000	-0.025503	0.100002
1.300000	-0.024506	0.099989
1.400000	-0.023535	0.099976
1.500000	-0.022610	0.100001
1.600000	-0.021718	0.100019
1.700000	-0.020862	0.099983
1.800000	-0.020039	0.100020
1.900000	-0.019250	0.099948
2.000000	-0.018490	0.105108
2.100000	-0.017762	0.099952
2.200000	-0.017062	0.100115
2.300000	-0.016389	0.099908
2.400000	-0.015743	0.100004
2.500000	-0.015123	0.101096
2.600000	-0.014526	0.099916
2.700000	-0.013954	0.099951
2.800000	-0.013404	0.100171
2.900000	-0.012875	0.099836
3.000000	-0.012368	0.102242
3.100000	-0.011880	0.101821
3.200000	-0.011412	0.099915
3.300000	-0.010962	0.100028
3.400000	-0.010530	0.103986
3.500000	-0.010115	0.100091
3.600000	-0.009716	0.099977
3.700000	-0.009333	0.099869
3.800000	-0.008965	0.100061
3.900000	-0.008612	0.102003
4.000000	-0.008272	0.100023
4.100000	-0.007947	0.100059
4.200000	-0.007633	0.099985
4.300000	-0.007332	0.099990
4.400000	-0.007043	0.099924
4.500000	-0.006766	0.100018
4.600000	-0.006499	0.099983
4.700000	-0.006243	0.100032
4.800000	-0.005996	0.099969
4.900000	-0.005761	0.099990
5.000000	-0.005533	0.103000
5.100000	-0.005315	0.099997
5.200000	-0.005106	0.100107
5.300000	-0.004904	0.099955
5.400000	-0.004711	0.099940
5.500000	-0.004525	0.099997
5.600000	-0.004347	0.100006
5.700000	-0.004175	0.100024
5.800000	-0.004011	0.100001
5.900000	-0.003853	0.099938
6.000000	-0.003701	0.100137
6.100000	-0.003555	0.099969
6.200000	-0.003415	0.100060
6.300000	-0.003280	0.101968
6.400000	-0.003151	0.100008
6.500000	-0.003027	0.099933
6.600000	-0.002907	0.099958
6.700000	-0.002793	0.100033
6.800000	-0.002683	0.099967
6.900000	-0.002577	0.100111
7.000000	-0.002475	0.099883
7.100000	-0.002378	0.100039
7.200000	-0.002284	0.099973
7.300000	-0.002194	0.100054
7.400000	-0.002108	0.099968
7.500000	-0.002024	0.100981
7.600000	-0.001945	0.101965
7.700000	-0.001868	0.100041
7.800000	-0.001794	0.100071
7.900000	-0.001724	0.100062
8.000000	-0.001656	0.100910
8.100000	-0.001590	0.101970
8.200000	-0.001528	0.099991
8.300000	-0.001467	0.099983
8.400000	-0.001410	0.100011
8.500000	-0.001354	0.100058
8.600000	-0.001301	0.099952
8.700000	-0.001249	0.099980
8.800000	-0.001200	0.100031
8.900000	-0.001153	0.099969
9.000000	-0.001107	0.100007
9.100000	-0.001064	0.100105
9.200000	-0.001022	0.099922
9.300000	-0.000982	0.100072
9.400000	-0.000943	0.100040
9.500000	-0.000906	0.099856
9.600000	-0.000870	0.099998
9.700000	-0.000836	0.103039
9.800000	-0.000803	0.100083
9.900000	-0.000771	0.099871
10.000000	-0.000741	0.100029
10.100000	-0.000711	0.101759
10.200000	-0.000684	0.100289
10.300000	-0.000656	0.099938
10.400000	-0.000631	0.100032
10.500000	-0.000606	0.101051
10.600000	-0.000582	0.099924
10.700000	-0.000559	0.100076
10.800000	-0.000537	0.099980
10.900000	-0.000516	0.099961
11.000000	-0.000495	0.102113
11.100000	-0.000476	0.099881
11.200000	-0.000457	0.100082
11.300000	-0.000439	0.099959
11.400000	-0.000422	0.099932
11.500000	-0.000405	0.102016
11.600000	-0.000389	0.102073
11.700000	-0.000374	0.100940
11.800000	-0.000359	0.099977
11.900000	-0.000345	0.100083
12.000000	-0.000331	0.099942
12.100000	-0.000318	0.100024
12.200000	-0.000306	0.102113
12.300000	-0.000294	0.099973
12.400000	-0.000282	0.099921
12.500000	-0.000271	0.099982
12.600000	-0.000260	0.100008
12.700000	-0.000250	0.099958
12.800000	-0.000240	0.099995
12.900000	-0.000231	0.100052
13.000000	-0.000222	0.100119
13.100000	-0.000213	0.099869
13.200000	-0.000204	0.099986
13.300000	-0.000197	0.100019
13.400000	-0.000188	0.099953
13.500000	-0.000182	0.100027
13.600000	-0.000174	0.099998
13.700000	-0.000167	0.100003
13.800000	-0.000161	0.100000
13.900000	-0.000154	0.100023
14.000000	-0.000148	0.101012
14.100000	-0.000143	0.100037
14.200000	-0.000136	0.099899
14.300000	-0.000132	0.100002
14.400000	-0.000126	0.100001
14.500000	-0.000121	0.100000
14.600000	-0.000117	0.099993
14.700000	-0.000112	0.101056
14.800000	-0.000107	0.099976
14.900000	-0.000103	0.101997
15.000000	-0.000099	0.100088
15.100000	-0.000095	0.099958
15.200000	-0.000092	0.099970
15.300000	-0.000088	0.100047
15.400000	-0.000084	0.100090
15.500000	-0.000081	0.099862
15.600000	-0.000078	0.099987
15.700000	-0.000075	0.099980
15.800000	-0.000072	0.100008
15.900000	-0.000069	0.099994
16.000000	-0.000066	0.100022
16.100000	-0.000064	0.099994
16.200000	-0.000061	0.100158
16.300000	-0.000059	0.099877
16.400000	-0.000056	0.099979
16.500000	-0.000055	0.099964
16.600000	-0.000052	0.100025
16.700000	-0.000050	0.100086
16.800000	-0.000048	0.099945
16.900000	-0.000046	0.101888
17.000000	-0.000044	0.100169
17.100000	-0.000043	0.099910
17.200000	-0.000041	0.100089
17.300000	-0.000039	0.099928
17.400000	-0.000038	0.100044
17.500000	-0.000036	0.099953
17.600000	-0.000035	0.099964
17.700000	-0.000033	0.099996
17.800000	-0.000032	0.100058
17.900000	-0.000031	0.099940
18.000000	-0.000030	0.102031
18.100000	-0.000028	0.100000
18.200000	-0.000028	0.100010
18.300000	-0.000026	0.100023
18.400000	-0.000025	0.100029
18.500000	-0.000024	0.099997
18.600000	-0.000024	0.099995
18.700000	-0.000022	0.099968
18.800000	-0.000022	0.099960
18.900000	-0.000020	0.100023
19.000000	-0.000020	0.104878
19.100000	-0.000019	0.106020
19.200000	-0.000018	0.100250
19.300000	-0.000018	0.099881
19.400000	-0.000017	0.099989
19.500000	-0.000016	0.099980
19.600000	-0.000016	0.099999
19.700000	-0.000015	0.100025
19.800000	-0.000014	0.100068
19.900000	-0.000014	0.099942
20.000000	-0.000013	0.101006
20.100000	-0.000013	0.099988
20.200000	-0.000012	0.100097
20.300000	-0.000012	0.099881
20.400000	-0.000011	0.099998
20.500000	-0.000011	0.100000
20.600000	-0.000010	0.099986
20.700000	-0.000010	0.100040
20.800000	-0.000010	0.100010
20.900000	-0.000009	0.100100
21.000000	-0.000009	0.099868
21.100000	-0.000009	0.100117
21.200000	-0.000008	0.099874
21.300000	-0.000008	0.100081
21.400000	-0.000008	0.099948
21.500000	-0.000007	0.099952
21.600000	-0.000007	0.100000
21.700000	-0.000007	0.100014
21.800000	-0.000006	0.100052
21.900000	-0.000006	0.100098
22.000000	-0.000006	0.099966
22.100000	-0.000006	0.099952
22.200000	-0.000005	0.099957
22.300000	-0.000006	0.099978
22.400000	-0.000005	0.100084
22.500000	-0.000005	0.099900
22.600000	-0.000005	0.100081
22.700000	-0.000004	0.099941
22.800000	-0.000005	0.100044
22.900000	-0.000004	0.102963
23.000000	-0.000004	0.100035
23.100000	-0.000004	0.099947
23.200000	-0.000004	0.100140
23.300000	-0.000003	0.099843
23.400000	-0.000004	0.100020
23.500000	-0.000003	0.100003
23.600000	-0.000003	0.100002
23.700000	-0.000003	0.099996
23.800000	-0.000003	0.100026
23.900000	-0.000003	0.100057
24.000000	-0.000002	0.100051
24.100000	-0.000003	0.100821
24.200000	-0.000002	0.100089
24.300000	-0.000003	0.102966
24.400000	-0.000002	0.100047
24.500000	-0.000002	0.100024
24.600000	-0.000002	0.099977
24.700000	-0.000002	0.100943
24.800000	-0.000002	0.100005
24.900000	-0.000002	0.100041
25.000000	-0.000002	0.100037
25.100000	-0.000002	0.099916
25.200000	-0.000001	0.100063
25.300000	-0.000002	0.099921
25.400000	-0.000001	0.100021
25.500000	-0.000002	0.100039
25.600000	-0.000001	0.099964
25.700000	-0.000002	0.101100
25.800000	-0.000001	0.099895
25.900000	-0.000001	0.100033
26.000000	-0.000001	0.099964
26.100000	-0.000001	0.099994
26.200000	-0.000001	0.100036
26.300000	-0.000001	0.100970
26.400000	-0.000001	0.100042
26.500000	-0.000001	0.100959
26.600000	-0.000001	0.100168
26.700000	-0.000001	0.099803
26.800000	-0.000001	0.100087
26.900000	-0.000001	0.099971
27.000000	-0.000001	0.100058
27.100000	-0.000001	0.099888
27.200000	-0.000001	0.100259
27.300000	-0.000001	0.099927
27.400000	-0.000000	0.100003
27.500000	-0.000001	0.101830
27.600000	-0.000000	0.099999
27.700000	-0.000001	0.100051
27.800000	-0.000000	0.100164
27.900000	-0.000001	0.099722
28.000000	-0.000000	0.100139
28.100000	-0.000001	0.099930
28.200000	-0.000000	0.100031
28.300000	-0.000001	0.101012
28.400000	-0.000000	0.100010
28.500000	-0.000001	0.099920
28.600000	-0.000000	0.100115
28.700000	-0.000001	0.099886
28.800000	-0.000000	0.099998
28.900000	-0.000001	0.102010
29.000000	0.000000	0.100015
29.100000	-0.000000	0.099950
29.200000	-0.000000	0.102054
29.300000	-0.000000	0.100428
29.400000	-0.000000	0.101599
29.500000	-0.000000	0.100945
29.600000	-0.000000	0.099999
29.700000	-0.000000	0.100996
29.800000	-0.000000	0.100008
