0.000000	-0.099775	0.105022
0.100000	-0.112345	0.100005
0.200000	-0.112627	0.100028
0.300000	-0.106017	0.099950
0.400000	-0.095949	0.099986
0.500000	-0.084550	0.100081
0.600000	-0.073092	0.100020
0.700000	-0.062289	0.110902
0.800000	-0.052502	0.100013
0.900000	-0.043872	0.106997
1.000000	-0.036407	0.099980
1.100000	-0.030043	0.101051
1.200000	-0.024677	0.101003
1.300000	-0.020192	0.100034
1.400000	-0.016469	0.099965
1.500000	-0.013397	0.100028
1.600000	-0.010873	0.100983
1.700000	-0.008807	0.099998
1.800000	-0.007122	0.099977
1.900000	-0.005752	0.104948
2.000000	-0.004639	0.100018
2.100000	-0.003738	0.101016
2.200000	-0.003009	0.100002
2.300000	-0.002421	0.099974
2.400000	-0.001946	0.100013
2.500000	-0.001563	0.100048
2.600000	-0.001255	0.099918
2.700000	-0.001008	0.100032
2.800000	-0.000809	0.102011
2.900000	-0.000649	0.099968
3.000000	-0.000520	0.099995
3.100000	-0.000417	0.100199
3.200000	-0.000334	0.099816
3.300000	-0.000268	0.100038
3.400000	-0.000215	0.100017
3.500000	-0.000172	0.101955
3.600000	-0.000138	0.099982
3.700000	-0.000110	0.100023
3.800000	-0.000088	0.102058
3.900000	-0.000070	0.102944
4.000000	-0.000056	0.099998
4.100000	-0.000045	0.100024
4.200000	-0.000036	0.099975
4.300000	-0.000029	0.100026
4.400000	-0.000023	0.099999
4.500000	-0.000019	0.099994
4.600000	-0.000015	0.099953
4.700000	-0.000012	0.100015
4.800000	-0.000010	0.100018
4.900000	-0.000008	0.099968
5.000000	-0.000006	0.100031
5.100000	-0.000005	0.099964
5.200000	-0.000004	0.101051
5.300000	-0.000003	0.099974
5.400000	-0.000002	0.100008
5.500000	-0.000002	0.099965
5.600000	-0.000002	0.100019
5.700000	-0.000002	0.100006
5.800000	-0.000001	0.100387
5.900000	-0.000001	0.099610
6.000000	-0.000001	0.100050
6.100000	-0.000001	0.099983
6.200000	-0.000001	0.100011
6.300000	-0.000000	0.101001
6.400000	0.000000	0.099996
6.500000	0.000000	0.099976
6.600000	0.000000	0.099998
6.700000	0.000000	0.100016
6.800000	0.000000	0.099999
6.900000	0.000000	0.100004
7.000000	0.000000	0.100988
7.100000	0.000000	0.100036
7.200000	0.000000	0.101990
7.300000	0.000000	0.100008
7.400000	0.000000	0.099979
7.500000	0.000000	0.101983
7.600000	0.000000	0.100005
7.700000	0.000000	0.101020
7.800000	0.000000	0.100003
7.900000	0.000000	0.099986
8.000000	0.000000	0.112003
8.100000	0.000000	0.105988
8.200000	0.000000	0.100023
8.300000	0.000000	0.103023
8.400000	0.000000	0.101977
8.500000	0.000000	0.100989
8.600000	0.000000	0.099977
8.700000	0.000000	0.100147
8.800000	0.000000	0.100918
8.900000	0.000000	0.099945
9.000000	0.000000	0.100032
9.100000	0.000000	0.099976
9.200000	0.000000	0.100987
9.300000	0.000000	0.099968
9.400000	0.000000	0.100033
9.500000	0.000000	0.099973
9.600000	0.000000	0.099993
9.700000	0.000000	0.104006
9.800000	0.000000	0.099995
9.900000	0.000000	0.100056
10.000000	0.000000	0.099949
10.100000	0.000000	0.100030
10.200000	0.000000	0.100979
10.300000	0.000000	0.100011
10.400000	0.000000	0.099989
10.500000	0.000000	0.100011
10.600000	0.000000	0.100011
10.700000	0.000000	0.100027
10.800000	0.000000	0.099939
10.900000	0.000000	0.099998
11.000000	0.000000	0.099998
11.100000	0.000000	0.100002
11.200000	0.000000	0.099998
11.300000	0.000000	0.100010
11.400000	0.000000	0.100008
11.500000	0.000000	0.099983
11.600000	0.000000	0.100001
11.700000	0.000000	0.100006
11.800000	0.000000	0.100055
11.900000	0.000000	0.099933
12.000000	0.000000	0.099999
12.100000	0.000000	0.100001
12.200000	0.000000	0.100004
12.300000	0.000000	0.099998
12.400000	0.000000	0.104000
12.500000	0.000000	0.111021
12.600000	0.000000	0.104976
12.700000	0.000000	0.100011
12.800000	0.000000	0.100076
12.900000	0.000000	0.100005
13.000000	0.000000	0.100989
13.100000	0.000000	0.107978
13.200000	0.000000	0.099956
13.300000	0.000000	0.099984
13.400000	0.000000	0.100004
13.500000	0.000000	0.100010
13.600000	0.000000	0.100233
13.700000	0.000000	0.101868
13.800000	0.000000	0.099929
13.900000	0.000000	0.099961
14.000000	0.000000	0.105023
14.100000	0.000000	0.099999
14.200000	0.000000	0.099989
14.300000	0.000000	0.099993
14.400000	0.000000	0.101028
14.500000	0.000000	0.099973
14.600000	0.000000	0.103033
14.700000	0.000000	0.099975
14.800000	0.000000	0.100003
14.900000	0.000000	0.100001
15.000000	0.000000	0.100032
15.100000	0.000000	0.100783
15.200000	0.000000	0.099395
15.300000	0.000000	0.099852
15.400000	0.000000	0.100046
15.500000	0.000000	0.099977
15.600000	0.000000	0.099917
15.700000	0.000000	0.101029
15.800000	0.000000	0.100977
15.900000	0.000000	0.099983
16.000000	0.000000	0.100018
16.100000	0.000000	0.101236
16.200000	0.000000	0.102827
16.300000	0.000000	0.099934
16.400000	0.000000	0.101450
16.500000	0.000000	0.099591
16.600000	0.000000	0.099967
16.700000	0.000000	0.100016
16.800000	0.000000	0.099998
16.900000	0.000000	0.100055
17.000000	0.000000	0.099969
17.100000	0.000000	0.100938
17.200000	0.000000	0.100021
17.300000	0.000000	0.101984
17.400000	0.000000	0.102985
17.500000	0.000000	0.100000
17.600000	0.000000	0.100002
17.700000	0.000000	0.100025
17.800000	0.000000	0.100009
17.900000	0.000000	0.101966
18.000000	0.000000	0.100028
18.100000	0.000000	0.100061
18.200000	0.000000	0.099957
18.300000	0.000000	0.099997
18.400000	0.000000	0.100019
18.500000	0.000000	0.100997
18.600000	0.000000	0.099988
18.700000	0.000000	0.100997
18.800000	0.000000	0.099967
18.900000	0.000000	0.099986
19.000000	0.000000	0.100027
19.100000	0.000000	0.099991
19.200000	0.000000	0.099989
19.300000	0.000000	0.100007
19.400000	0.000000	0.100026
19.500000	0.000000	0.099975
19.600000	0.000000	0.103993
19.700000	0.000000	0.104998
19.800000	0.000000	0.101011
19.900000	0.000000	0.100022
20.000000	0.000000	0.102005
20.100000	0.000000	0.101022
20.200000	0.000000	0.100050
20.300000	0.000000	0.099990
20.400000	0.000000	0.102944
20.500000	0.000000	0.099995
20.600000	0.000000	0.100022
20.700000	0.000000	0.099991
20.800000	0.000000	0.101260
20.900000	0.000000	0.099745
21.000000	0.000000	0.100125
21.100000	0.000000	0.099927
21.200000	0.000000	0.099949
21.300000	0.000000	0.099990
21.400000	0.000000	0.101994
21.500000	0.000000	0.100004
21.600000	0.000000	0.100460
21.700000	0.000000	0.099666
21.800000	0.000000	0.099849
21.900000	0.000000	0.100046
22.000000	0.000000	0.100447
22.100000	0.000000	0.099542
22.200000	0.000000	0.100002
22.300000	0.000000	0.100015
22.400000	0.000000	0.100980
22.500000	0.000000	0.104007
22.600000	0.000000	0.100969
22.700000	0.000000	0.100991
22.800000	0.000000	0.100996
22.900000	0.000000	0.102047
23.000000	0.000000	0.099989
23.100000	0.000000	0.099969
23.200000	0.000000	0.100023
23.300000	0.000000	0.099996
23.400000	0.000000	0.102983
23.500000	0.000000	0.099971
23.600000	0.000000	0.100009
23.700000	0.000000	0.100029
23.800000	0.000000	0.102017
23.900000	0.000000	0.100002
24.000000	0.000000	0.100055
24.100000	0.000000	0.102945
24.200000	0.000000	0.100022
24.300000	0.000000	0.100074
24.400000	0.000000	0.099949
24.500000	0.000000	0.104956
24.600000	0.000000	0.101957
24.700000	0.000000	0.100027
24.800000	0.000000	0.100031
24.900000	0.000000	0.102006
25.000000	0.000000	0.099978
25.100000	0.000000	0.101001
25.200000	0.000000	0.100089
25.300000	0.000000	0.110868
25.400000	0.000000	0.102989
25.500000	0.000000	0.099996
25.600000	0.000000	0.101026
25.700000	0.000000	0.099989
25.800000	0.000000	0.102114
25.900000	0.000000	0.102991
26.000000	0.000000	0.099933
26.100000	0.000000	0.100010
26.200000	0.000000	0.101084
26.300000	0.000000	0.101915
26.400000	0.000000	0.103937
26.500000	0.000000	0.100097
26.600000	0.000000	0.099981
26.700000	0.000000	0.101972
26.800000	0.000000	0.100019
26.900000	0.000000	0.100040
27.000000	0.000000	0.109087
27.100000	0.000000	0.100863
27.200000	0.000000	0.101376
27.300000	0.000000	0.099565
27.400000	0.000000	0.106660
27.500000	0.000000	0.103349
27.600000	0.000000	0.101064
27.700000	0.000000	0.101016
27.800000	0.000000	0.101940
27.900000	0.000000	0.100097
28.000000	0.000000	0.109179
28.100000	0.000000	0.100697
28.200000	0.000000	0.100114
28.300000	0.000000	0.099944
28.400000	0.000000	0.100006
28.500000	0.000000	0.100000
28.600000	0.000000	0.099996
28.700000	0.000000	0.099988
28.800000	0.000000	0.099994
28.900000	0.000000	0.102014
29.000000	0.000000	0.100013
29.100000	0.000000	0.099983
29.200000	0.000000	0.100953
29.300000	0.000000	0.101001
29.400000	0.000000	0.100088
29.500000	0.000000	0.099961
29.600000	0.000000	0.101049
29.700000	0.000000	0.099969
29.800000	0.000000	0.099987
