0.001000	1	1.959423	0.000000
0.002000	1	1.920533	0.000000
0.003000	1	1.883260	0.000000
0.004000	1	1.847537	0.000000
0.005000	1	1.813299	0.000000
0.006000	1	1.780485	0.000000
0.007000	1	1.749035	0.000000
0.008000	1	1.718892	0.000000
0.009000	1	1.690003	0.000000
0.010000	1	1.662315	0.000000
0.011000	1	1.635778	0.000000
0.012000	1	1.610344	0.000000
0.013000	1	1.585968	0.000000
0.014000	1	1.562605	0.000000
0.015000	1	1.540214	0.000000
0.016000	1	1.518753	0.000000
0.017000	1	1.498185	0.000000
0.018000	1	1.478472	0.000000
0.019000	1	1.459579	0.000000
0.020000	1	1.441471	0.000000
0.021000	1	1.424116	0.000000
0.022000	1	1.407482	0.000000
0.023000	1	1.391541	0.000000
0.024000	1	1.376262	0.000000
0.025000	1	1.361618	0.000000
0.026000	1	1.347583	0.000000
0.027000	1	1.334131	0.000000
0.028000	1	1.321239	0.000000
0.029000	1	1.308883	0.000000
0.030000	1	1.297041	0.000000
0.031000	1	1.285691	0.000000
0.032000	1	1.274813	0.000000
0.033000	1	1.264387	0.000000
0.034000	1	1.254394	0.000000
0.035000	1	1.244817	0.000000
0.036000	1	1.235639	0.000000
0.037000	1	1.226841	0.000000
0.038000	1	1.218410	0.000000
0.039000	1	1.210329	0.000000
0.040000	1	1.202584	0.000000
0.041000	1	1.195162	0.000000
0.042000	1	1.188047	0.000000
0.043000	1	1.181229	0.000000
0.044000	1	1.174694	0.000000
0.045000	1	1.168431	0.000000
0.046000	1	1.162428	0.000000
0.047000	1	1.156675	0.000000
0.048000	1	1.151161	0.000000
0.049000	1	1.145876	0.000000
0.050000	1	1.140811	0.000000
0.051000	1	1.135956	0.000000
0.052000	1	1.131304	0.000000
0.053000	1	1.126845	0.000000
0.054000	1	1.122571	0.000000
0.055000	1	1.118475	0.000000
0.056000	1	1.114549	0.000000
0.057000	1	1.110786	0.000000
0.058000	1	1.107180	0.000000
0.059000	1	1.103724	0.000000
0.060000	1	1.100411	0.000000
0.061000	1	1.097237	0.000000
0.062000	1	1.094194	0.000000
0.063000	1	1.091277	0.000000
0.064000	1	1.088482	0.000000
0.065000	1	1.085804	0.000000
0.066000	1	1.083236	0.000000
0.067000	1	1.080775	0.000000
0.068000	1	1.078417	0.000000
0.069000	1	1.076157	0.000000
0.070000	1	1.073990	0.000000
0.071000	1	1.071914	0.000000
0.072000	1	1.069924	0.000000
0.073000	1	1.068017	0.000000
0.074000	1	1.066189	0.000000
0.075000	1	1.064437	0.000000
0.076000	1	1.062758	0.000000
0.077000	1	1.061149	0.000000
0.078000	1	1.059606	0.000000
0.079000	1	1.058128	0.000000
0.080000	1	1.056711	0.000000
0.081000	1	1.055353	0.000000
0.082000	1	1.054052	0.000000
0.083000	1	1.052805	0.000000
0.084000	1	1.051609	0.000000
0.085000	1	1.050463	0.000000
0.086000	1	1.049365	0.000000
0.087000	1	1.048313	0.000000
0.088000	1	1.047304	0.000000
0.089000	1	1.046337	0.000000
0.090000	1	1.045411	0.000000
0.091000	1	1.044523	0.000000
0.092000	1	1.043672	0.000000
0.093000	1	1.042856	0.000000
0.094000	1	1.042074	0.000000
0.095000	1	1.041325	0.000000
0.096000	1	1.040607	0.000000
0.097000	1	1.039918	0.000000
0.098000	1	1.039259	0.000000
0.099000	1	1.038626	0.000000
0.100000	1	1.038020	0.000000
0.101000	1	1.037440	0.000000
0.102000	1	1.036883	0.000000
0.103000	1	1.036350	0.000000
0.104000	1	1.035838	0.000000
0.105000	1	1.035348	0.000000
0.106000	1	1.034879	0.000000
0.107000	1	1.034428	0.000000
0.108000	1	1.033997	0.000000
0.109000	1	1.033583	0.000000
0.110000	1	1.033187	0.000000
0.111000	1	1.032807	0.000000
0.112000	1	1.032443	0.000000
0.113000	1	1.032094	0.000000
0.114000	1	1.031760	0.000000
0.115000	1	1.031440	0.000000
0.116000	1	1.031132	0.000000
0.117000	1	1.030838	0.000000
0.118000	1	1.030556	0.000000
0.119000	1	1.030285	0.000000
0.120000	1	1.030026	0.000000
0.121000	1	1.029778	0.000000
0.122000	1	1.029540	0.000000
0.123000	1	1.029312	0.000000
0.124000	1	1.029093	0.000000
0.125000	1	1.028883	0.000000
0.126000	1	1.028682	0.000000
0.127000	1	1.028490	0.000000
0.128000	1	1.028305	0.000000
0.129000	1	1.028129	0.000000
0.130000	1	1.027959	0.000000
0.131000	1	1.027797	0.000000
0.132000	1	1.027641	0.000000
0.133000	1	1.027492	0.000000
0.134000	1	1.027349	0.000000
0.135000	1	1.027212	0.000000
0.136000	1	1.027080	0.000000
0.137000	1	1.026954	0.000000
0.138000	1	1.026834	0.000000
0.139000	1	1.026718	0.000000
0.140000	1	1.026607	0.000000
0.141000	1	1.026501	0.000000
0.142000	1	1.026399	0.000000
0.143000	1	1.026301	0.000000
0.144000	1	1.026208	0.000000
0.145000	1	1.026118	0.000000
0.146000	1	1.026032	0.000000
0.147000	1	1.025950	0.000000
0.148000	1	1.025871	0.000000
0.149000	1	1.025795	0.000000
0.150000	1	1.025723	0.000000
0.151000	1	1.025653	0.000000
0.152000	1	1.025587	0.000000
0.153000	1	1.025523	0.000000
0.154000	1	1.025462	0.000000
0.155000	1	1.025403	0.000000
0.156000	1	1.025347	0.000000
0.157000	1	1.025293	0.000000
0.158000	1	1.025242	0.000000
0.159000	1	1.025192	0.000000
0.160000	1	1.025145	0.000000
0.161000	1	1.025099	0.000000
0.162000	1	1.025056	0.000000
0.163000	1	1.025014	0.000000
0.164000	1	1.024974	0.000000
0.165000	1	1.024936	0.000000
0.166000	1	1.024899	0.000000
0.167000	1	1.024864	0.000000
0.168000	1	1.024830	0.000000
0.169000	1	1.024798	0.000000
0.170000	1	1.024767	0.000000
0.171000	1	1.024737	0.000000
0.172000	1	1.024708	0.000000
0.173000	1	1.024681	0.000000
0.174000	1	1.024655	0.000000
0.175000	1	1.024630	0.000000
0.176000	1	1.024606	0.000000
0.177000	1	1.024583	0.000000
0.178000	1	1.024561	0.000000
0.179000	1	1.024540	0.000000
0.180000	1	1.024519	0.000000
0.181000	1	1.024500	0.000000
0.182000	1	1.024481	0.000000
0.183000	1	1.024463	0.000000
0.184000	1	1.024446	0.000000
0.185000	1	1.024430	0.000000
0.186000	1	1.024414	0.000000
0.187000	1	1.024399	0.000000
0.188000	1	1.024385	0.000000
0.189000	1	1.024371	0.000000
0.190000	1	1.024358	0.000000
0.191000	1	1.024345	0.000000
0.192000	1	1.024333	0.000000
0.193000	1	1.024321	0.000000
0.194000	1	1.024310	0.000000
0.195000	1	1.024299	0.000000
0.196000	1	1.024289	0.000000
0.197000	1	1.024279	0.000000
0.198000	1	1.024269	0.000000
0.199000	1	1.024260	0.000000
0.200000	1	0.998301	-0.067472
0.201000	1	0.973395	-0.067472
0.202000	1	0.949498	-0.067472
0.203000	1	0.926570	-0.067472
0.204000	1	0.904568	-0.067472
0.205000	1	0.883455	-0.067472
0.206000	1	0.863194	-0.067472
0.207000	1	0.843750	-0.067472
0.208000	1	0.825088	-0.067472
0.209000	1	0.807176	-0.067472
0.210000	1	0.789983	-0.067472
0.211000	1	0.773478	-0.067472
0.212000	1	0.757634	-0.067472
0.213000	1	0.742423	-0.067472
0.214000	1	0.727818	-0.067472
0.215000	1	0.713795	-0.067472
0.216000	1	0.700328	-0.067472
0.217000	1	0.687396	-0.067472
0.218000	1	0.674975	-0.067472
0.219000	1	0.663045	-0.067472
0.220000	1	0.651585	-0.067472
0.221000	1	0.640575	-0.067472
0.222000	1	0.629997	-0.067472
0.223000	1	0.619833	-0.067472
0.224000	1	0.610066	-0.067472
0.225000	1	0.600678	-0.067472
0.226000	1	0.591655	-0.067472
0.227000	1	0.582982	-0.067472
0.228000	1	0.574643	-0.067472
0.229000	1	0.566624	-0.067472
0.230000	1	0.558914	-0.067472
0.231000	1	0.551497	-0.067472
0.232000	1	0.544364	-0.067472
0.233000	1	0.537500	-0.067472
0.234000	1	0.530897	-0.067472
0.235000	1	0.524541	-0.067472
0.236000	1	0.518425	-0.067472
0.237000	1	0.512536	-0.067472
0.238000	1	0.506866	-0.067472
0.239000	1	0.501407	-0.067472
0.240000	1	0.496148	-0.067472
0.241000	1	0.491082	-0.067472
0.242000	1	0.486200	-0.067472
0.243000	1	0.481496	-0.067472
0.244000	1	0.476961	-0.067472
0.245000	1	0.472589	-0.067472
0.246000	1	0.468372	-0.067472
0.247000	1	0.464305	-0.067472
0.248000	1	0.460382	-0.067472
0.249000	1	0.456595	-0.067472
0.250000	1	0.452940	-0.067472
0.251000	1	0.449411	-0.067472
0.252000	1	0.446002	-0.067472
0.253000	1	0.442710	-0.067472
0.254000	1	0.439528	-0.067472
0.255000	1	0.436453	-0.067472
0.256000	1	0.433479	-0.067472
0.257000	1	0.430603	-0.067472
0.258000	1	0.427821	-0.067472
0.259000	1	0.425129	-0.067472
0.260000	1	0.422522	-0.067472
0.261000	1	0.419998	-0.067472
0.262000	1	0.417553	-0.067472
0.263000	1	0.415184	-0.067472
0.264000	1	0.412887	-0.067472
0.265000	1	0.410660	-0.067472
0.266000	1	0.408500	-0.067472
0.267000	1	0.406403	-0.067472
0.268000	1	0.404367	-0.067472
0.269000	1	0.402391	-0.067472
0.270000	1	0.400470	-0.067472
0.271000	1	0.398603	-0.067472
0.272000	1	0.396788	-0.067472
0.273000	1	0.395023	-0.067472
0.274000	1	0.393305	-0.067472
0.275000	1	0.391632	-0.067472
0.276000	1	0.390003	-0.067472
0.277000	1	0.388416	-0.067472
0.278000	1	0.386869	-0.067472
0.279000	1	0.385360	-0.067472
0.280000	1	0.383888	-0.067472
0.281000	1	0.382452	-0.067472
0.282000	1	0.381049	-0.067472
0.283000	1	0.379678	-0.067472
0.284000	1	0.378338	-0.067472
0.285000	1	0.377029	-0.067472
0.286000	1	0.375747	-0.067472
0.287000	1	0.374493	-0.067472
0.288000	1	0.373266	-0.067472
0.289000	1	0.372063	-0.067472
0.290000	1	0.370884	-0.067472
0.291000	1	0.369729	-0.067472
0.292000	1	0.368595	-0.067472
0.293000	1	0.367483	-0.067472
0.294000	1	0.366391	-0.067472
0.295000	1	0.365318	-0.067472
0.296000	1	0.364264	-0.067472
0.297000	1	0.363228	-0.067472
0.298000	1	0.362209	-0.067472
0.299000	1	0.361207	-0.067472
0.300000	1	0.360220	-0.067472
0.301000	1	0.359248	-0.067472
0.302000	1	0.358291	-0.067472
0.303000	1	0.357348	-0.067472
0.304000	1	0.356418	-0.067472
0.305000	1	0.355500	-0.067472
0.306000	1	0.354595	-0.067472
0.307000	1	0.353702	-0.067472
0.308000	1	0.352819	-0.067472
0.309000	1	0.351948	-0.067472
0.310000	1	0.351086	-0.067472
0.311000	1	0.350235	-0.067472
0.312000	1	0.349393	-0.067472
0.313000	1	0.348560	-0.067472
0.314000	1	0.347736	-0.067472
0.315000	1	0.346920	-0.067472
0.316000	1	0.346112	-0.067472
0.317000	1	0.345311	-0.067472
0.318000	1	0.344518	-0.067472
0.319000	1	0.343732	-0.067472
0.320000	1	0.342953	-0.067472
0.321000	1	0.342180	-0.067472
0.322000	1	0.341414	-0.067472
0.323000	1	0.340653	-0.067472
0.324000	1	0.339898	-0.067472
0.325000	1	0.339148	-0.067472
0.326000	1	0.338404	-0.067472
0.327000	1	0.337665	-0.067472
0.328000	1	0.336930	-0.067472
0.329000	1	0.336200	-0.067472
0.330000	1	0.335474	-0.067472
0.331000	1	0.334753	-0.067472
0.332000	1	0.334036	-0.067472
0.333000	1	0.333322	-0.067472
0.334000	1	0.332612	-0.067472
0.335000	1	0.331906	-0.067472
0.336000	1	0.331204	-0.067472
0.337000	1	0.330504	-0.067472
0.338000	1	0.329808	-0.067472
0.339000	1	0.329114	-0.067472
0.340000	1	0.328424	-0.067472
0.341000	1	0.327736	-0.067472
0.342000	1	0.327051	-0.067472
0.343000	1	0.326368	-0.067472
0.344000	1	0.325688	-0.067472
0.345000	1	0.325010	-0.067472
0.346000	1	0.324335	-0.067472
0.347000	1	0.323661	-0.067472
0.348000	1	0.322990	-0.067472
0.349000	1	0.322321	-0.067472
0.350000	1	0.321653	-0.067472
0.351000	1	0.320987	-0.067472
0.352000	1	0.320323	-0.067472
0.353000	1	0.319661	-0.067472
0.354000	1	0.319000	-0.067472
0.355000	1	0.318341	-0.067472
0.356000	1	0.317683	-0.067472
0.357000	1	0.317027	-0.067472
0.358000	1	0.316372	-0.067472
0.359000	1	0.315718	-0.067472
0.360000	1	0.315065	-0.067472
0.361000	1	0.314414	-0.067472
0.362000	1	0.313764	-0.067472
0.363000	1	0.313115	-0.067472
0.364000	1	0.312467	-0.067472
0.365000	1	0.311819	-0.067472
0.366000	1	0.311173	-0.067472
0.367000	1	0.310528	-0.067472
0.368000	1	0.309884	-0.067472
0.369000	1	0.309240	-0.067472
0.370000	1	0.308597	-0.067472
0.371000	1	0.307956	-0.067472
0.372000	1	0.307314	-0.067472
0.373000	1	0.306674	-0.067472
0.374000	1	0.306034	-0.067472
0.375000	1	0.305395	-0.067472
0.376000	1	0.304756	-0.067472
0.377000	1	0.304118	-0.067472
0.378000	1	0.303481	-0.067472
0.379000	1	0.302844	-0.067472
0.380000	1	0.302208	-0.067472
0.381000	1	0.301572	-0.067472
0.382000	1	0.300937	-0.067472
0.383000	1	0.300302	-0.067472
0.384000	1	0.299667	-0.067472
0.385000	1	0.299034	-0.067472
0.386000	1	0.298400	-0.067472
0.387000	1	0.297767	-0.067472
0.388000	1	0.297134	-0.067472
0.389000	1	0.296502	-0.067472
0.390000	1	0.295869	-0.067472
0.391000	1	0.295238	-0.067472
0.392000	1	0.294606	-0.067472
0.393000	1	0.293975	-0.067472
0.394000	1	0.293344	-0.067472
0.395000	1	0.292714	-0.067472
0.396000	1	0.292083	-0.067472
0.397000	1	0.291453	-0.067472
0.398000	1	0.290823	-0.067472
0.399000	1	0.290194	-0.067472
0.400000	1	0.278350	-0.096629
0.401000	1	0.266962	-0.096629
0.402000	1	0.256010	-0.096629
0.403000	1	0.245476	-0.096629
0.404000	1	0.235343	-0.096629
0.405000	1	0.225594	-0.096629
0.406000	1	0.216214	-0.096629
0.407000	1	0.207186	-0.096629
0.408000	1	0.198496	-0.096629
0.409000	1	0.190130	-0.096629
0.410000	1	0.182076	-0.096629
0.411000	1	0.174318	-0.096629
0.412000	1	0.166847	-0.096629
0.413000	1	0.159648	-0.096629
0.414000	1	0.152712	-0.096629
0.415000	1	0.146027	-0.096629
0.416000	1	0.139583	-0.096629
0.417000	1	0.133369	-0.096629
0.418000	1	0.127377	-0.096629
0.419000	1	0.121597	-0.096629
0.420000	1	0.116020	-0.096629
0.421000	1	0.110637	-0.096629
0.422000	1	0.105442	-0.096629
0.423000	1	0.100425	-0.096629
0.424000	1	0.095579	-0.096629
0.425000	1	0.090898	-0.096629
0.426000	1	0.086374	-0.096629
0.427000	1	0.082001	-0.096629
0.428000	1	0.077773	-0.096629
0.429000	1	0.073684	-0.096629
0.430000	1	0.069727	-0.096629
0.431000	1	0.065897	-0.096629
0.432000	1	0.062190	-0.096629
0.433000	1	0.058600	-0.096629
0.434000	1	0.055122	-0.096629
0.435000	1	0.051751	-0.096629
0.436000	1	0.048483	-0.096629
0.437000	1	0.045314	-0.096629
0.438000	1	0.042239	-0.096629
0.439000	1	0.039256	-0.096629
0.440000	1	0.036359	-0.096629
0.441000	1	0.033545	-0.096629
0.442000	1	0.030811	-0.096629
0.443000	1	0.028154	-0.096629
0.444000	1	0.025570	-0.096629
0.445000	1	0.023056	-0.096629
0.446000	1	0.020610	-0.096629
0.447000	1	0.018228	-0.096629
0.448000	1	0.015908	-0.096629
0.449000	1	0.013647	-0.096629
0.450000	1	0.011443	-0.096629
0.451000	1	0.009294	-0.096629
0.452000	1	0.007197	-0.096629
0.453000	1	0.005150	-0.096629
0.454000	1	0.003150	-0.096629
0.455000	1	0.001197	-0.096629
0.456000	1	-0.000712	-0.096629
0.457000	1	-0.002579	-0.096629
0.458000	1	-0.004406	-0.096629
0.459000	1	-0.006193	-0.096629
0.460000	1	-0.007944	-0.096629
0.461000	1	-0.009659	-0.096629
0.462000	1	-0.011340	-0.096629
0.463000	1	-0.012988	-0.096629
0.464000	1	-0.014605	-0.096629
0.465000	1	-0.016192	-0.096629
0.466000	1	-0.017749	-0.096629
0.467000	1	-0.019280	-0.096629
0.468000	1	-0.020784	-0.096629
0.469000	1	-0.022262	-0.096629
0.470000	1	-0.023716	-0.096629
0.471000	1	-0.025147	-0.096629
0.472000	1	-0.026556	-0.096629
0.473000	1	-0.027943	-0.096629
0.474000	1	-0.029309	-0.096629
0.475000	1	-0.030656	-0.096629
0.476000	1	-0.031985	-0.096629
0.477000	1	-0.033295	-0.096629
0.478000	1	-0.034587	-0.096629
0.479000	1	-0.035864	-0.096629
0.480000	1	-0.037124	-0.096629
0.481000	1	-0.038369	-0.096629
0.482000	1	-0.039600	-0.096629
0.483000	1	-0.040816	-0.096629
0.484000	1	-0.042019	-0.096629
0.485000	1	-0.043209	-0.096629
0.486000	1	-0.044387	-0.096629
0.487000	1	-0.045553	-0.096629
0.488000	1	-0.046708	-0.096629
0.489000	1	-0.047852	-0.096629
0.490000	1	-0.048985	-0.096629
0.491000	1	-0.050109	-0.096629
0.492000	1	-0.051223	-0.096629
0.493000	1	-0.052328	-0.096629
0.494000	1	-0.053424	-0.096629
0.495000	1	-0.054512	-0.096629
0.496000	1	-0.055591	-0.096629
0.497000	1	-0.056663	-0.096629
0.498000	1	-0.057728	-0.096629
0.499000	1	-0.058785	-0.096629
0.500000	1	-0.059836	-0.096629
0.501000	1	-0.060880	-0.096629
0.502000	1	-0.061918	-0.096629
0.503000	1	-0.062949	-0.096629
0.504000	1	-0.063976	-0.096629
0.505000	1	-0.064996	-0.096629
0.506000	1	-0.066012	-0.096629
0.507000	1	-0.067022	-0.096629
0.508000	1	-0.068027	-0.096629
0.509000	1	-0.069028	-0.096629
0.510000	1	-0.070025	-0.096629
0.511000	1	-0.071017	-0.096629
0.512000	1	-0.072005	-0.096629
0.513000	1	-0.072989	-0.096629
0.514000	1	-0.073969	-0.096629
0.515000	1	-0.074946	-0.096629
0.516000	1	-0.075919	-0.096629
0.517000	1	-0.076889	-0.096629
0.518000	1	-0.077856	-0.096629
0.519000	1	-0.078820	-0.096629
0.520000	1	-0.079781	-0.096629
0.521000	1	-0.080739	-0.096629
0.522000	1	-0.081695	-0.096629
0.523000	1	-0.082647	-0.096629
0.524000	1	-0.083598	-0.096629
0.525000	1	-0.084546	-0.096629
0.526000	1	-0.085492	-0.096629
0.527000	1	-0.086435	-0.096629
0.528000	1	-0.087377	-0.096629
0.529000	1	-0.088317	-0.096629
0.530000	1	-0.089254	-0.096629
0.531000	1	-0.090190	-0.096629
0.532000	1	-0.091124	-0.096629
0.533000	1	-0.092057	-0.096629
0.534000	1	-0.092988	-0.096629
0.535000	1	-0.093917	-0.096629
0.536000	1	-0.094845	-0.096629
0.537000	1	-0.095771	-0.096629
0.538000	1	-0.096697	-0.096629
0.539000	1	-0.097620	-0.096629
0.540000	1	-0.098543	-0.096629
0.541000	1	-0.099464	-0.096629
0.542000	1	-0.100384	-0.096629
0.543000	1	-0.101304	-0.096629
0.544000	1	-0.102222	-0.096629
0.545000	1	-0.103139	-0.096629
0.546000	1	-0.104055	-0.096629
0.547000	1	-0.104970	-0.096629
0.548000	1	-0.105884	-0.096629
0.549000	1	-0.106798	-0.096629
0.550000	1	-0.107710	-0.096629
0.551000	1	-0.108622	-0.096629
0.552000	1	-0.109533	-0.096629
0.553000	1	-0.110444	-0.096629
0.554000	1	-0.111353	-0.096629
0.555000	1	-0.112263	-0.096629
0.556000	1	-0.113171	-0.096629
0.557000	1	-0.114079	-0.096629
0.558000	1	-0.114986	-0.096629
0.559000	1	-0.115893	-0.096629
0.560000	1	-0.116799	-0.096629
0.561000	1	-0.117704	-0.096629
0.562000	1	-0.118610	-0.096629
0.563000	1	-0.119514	-0.096629
0.564000	1	-0.120419	-0.096629
0.565000	1	-0.121322	-0.096629
0.566000	1	-0.122226	-0.096629
0.567000	1	-0.123129	-0.096629
0.568000	1	-0.124031	-0.096629
0.569000	1	-0.124934	-0.096629
0.570000	1	-0.125835	-0.096629
0.571000	1	-0.126737	-0.096629
0.572000	1	-0.127638	-0.096629
0.573000	1	-0.128539	-0.096629
0.574000	1	-0.129440	-0.096629
0.575000	1	-0.130340	-0.096629
0.576000	1	-0.131240	-0.096629
0.577000	1	-0.132140	-0.096629
0.578000	1	-0.133040	-0.096629
0.579000	1	-0.133939	-0.096629
0.580000	1	-0.134838	-0.096629
0.581000	1	-0.135737	-0.096629
0.582000	1	-0.136636	-0.096629
0.583000	1	-0.137534	-0.096629
0.584000	1	-0.138433	-0.096629
0.585000	1	-0.139331	-0.096629
0.586000	1	-0.140229	-0.096629
0.587000	1	-0.141127	-0.096629
0.588000	1	-0.142024	-0.096629
0.589000	1	-0.142922	-0.096629
0.590000	1	-0.143819	-0.096629
0.591000	1	-0.144716	-0.096629
0.592000	1	-0.145613	-0.096629
0.593000	1	-0.146510	-0.096629
0.594000	1	-0.147407	-0.096629
0.595000	1	-0.148304	-0.096629
0.596000	1	-0.149200	-0.096629
0.597000	1	-0.150097	-0.096629
0.598000	1	-0.150993	-0.096629
0.599000	1	-0.151889	-0.096629
0.600000	1	-0.154468	-0.101004
0.601000	1	-0.156978	-0.101004
0.602000	1	-0.159423	-0.101004
0.603000	1	-0.161805	-0.101004
0.604000	1	-0.164127	-0.101004
0.605000	1	-0.166392	-0.101004
0.606000	1	-0.168600	-0.101004
0.607000	1	-0.170756	-0.101004
0.608000	1	-0.172862	-0.101004
0.609000	1	-0.174918	-0.101004
0.610000	1	-0.176928	-0.101004
0.611000	1	-0.178893	-0.101004
0.612000	1	-0.180815	-0.101004
0.613000	1	-0.182696	-0.101004
0.614000	1	-0.184538	-0.101004
0.615000	1	-0.186342	-0.101004
0.616000	1	-0.188110	-0.101004
0.617000	1	-0.189843	-0.101004
0.618000	1	-0.191544	-0.101004
0.619000	1	-0.193212	-0.101004
0.620000	1	-0.194849	-0.101004
0.621000	1	-0.196458	-0.101004
0.622000	1	-0.198038	-0.101004
0.623000	1	-0.199592	-0.101004
0.624000	1	-0.201120	-0.101004
0.625000	1	-0.202623	-0.101004
0.626000	1	-0.204102	-0.101004
0.627000	1	-0.205559	-0.101004
0.628000	1	-0.206994	-0.101004
0.629000	1	-0.208409	-0.101004
0.630000	1	-0.209803	-0.101004
0.631000	1	-0.211178	-0.101004
0.632000	1	-0.212535	-0.101004
0.633000	1	-0.213874	-0.101004
0.634000	1	-0.215197	-0.101004
0.635000	1	-0.216503	-0.101004
0.636000	1	-0.217794	-0.101004
0.637000	1	-0.219070	-0.101004
0.638000	1	-0.220332	-0.101004
0.639000	1	-0.221580	-0.101004
0.640000	1	-0.222815	-0.101004
0.641000	1	-0.224038	-0.101004
0.642000	1	-0.225249	-0.101004
0.643000	1	-0.226448	-0.101004
0.644000	1	-0.227636	-0.101004
0.645000	1	-0.228814	-0.101004
0.646000	1	-0.229981	-0.101004
0.647000	1	-0.231139	-0.101004
0.648000	1	-0.232288	-0.101004
0.649000	1	-0.233427	-0.101004
0.650000	1	-0.234558	-0.101004
0.651000	1	-0.235681	-0.101004
0.652000	1	-0.236796	-0.101004
0.653000	1	-0.237904	-0.101004
0.654000	1	-0.239004	-0.101004
0.655000	1	-0.240098	-0.101004
0.656000	1	-0.241185	-0.101004
0.657000	1	-0.242265	-0.101004
0.658000	1	-0.243340	-0.101004
0.659000	1	-0.244408	-0.101004
0.660000	1	-0.245471	-0.101004
0.661000	1	-0.246529	-0.101004
0.662000	1	-0.247581	-0.101004
0.663000	1	-0.248629	-0.101004
0.664000	1	-0.249672	-0.101004
0.665000	1	-0.250710	-0.101004
0.666000	1	-0.251744	-0.101004
0.667000	1	-0.252774	-0.101004
0.668000	1	-0.253800	-0.101004
0.669000	1	-0.254822	-0.101004
0.670000	1	-0.255841	-0.101004
0.671000	1	-0.256856	-0.101004
0.672000	1	-0.257868	-0.101004
0.673000	1	-0.258876	-0.101004
0.674000	1	-0.259881	-0.101004
0.675000	1	-0.260884	-0.101004
0.676000	1	-0.261883	-0.101004
0.677000	1	-0.262880	-0.101004
0.678000	1	-0.263875	-0.101004
0.679000	1	-0.264866	-0.101004
0.680000	1	-0.265856	-0.101004
0.681000	1	-0.266843	-0.101004
0.682000	1	-0.267828	-0.101004
0.683000	1	-0.268810	-0.101004
0.684000	1	-0.269791	-0.101004
0.685000	1	-0.270770	-0.101004
0.686000	1	-0.271747	-0.101004
0.687000	1	-0.272722	-0.101004
0.688000	1	-0.273696	-0.101004
0.689000	1	-0.274668	-0.101004
0.690000	1	-0.275638	-0.101004
0.691000	1	-0.276607	-0.101004
0.692000	1	-0.277574	-0.101004
0.693000	1	-0.278540	-0.101004
0.694000	1	-0.279505	-0.101004
0.695000	1	-0.280469	-0.101004
0.696000	1	-0.281431	-0.101004
0.697000	1	-0.282392	-0.101004
0.698000	1	-0.283352	-0.101004
0.699000	1	-0.284311	-0.101004
0.700000	1	-0.285269	-0.101004
0.701000	1	-0.286226	-0.101004
0.702000	1	-0.287182	-0.101004
0.703000	1	-0.288137	-0.101004
0.704000	1	-0.289091	-0.101004
0.705000	1	-0.290044	-0.101004
0.706000	1	-0.290997	-0.101004
0.707000	1	-0.291949	-0.101004
0.708000	1	-0.292900	-0.101004
0.709000	1	-0.293850	-0.101004
0.710000	1	-0.294800	-0.101004
0.711000	1	-0.295749	-0.101004
0.712000	1	-0.296698	-0.101004
0.713000	1	-0.297646	-0.101004
0.714000	1	-0.298593	-0.101004
0.715000	1	-0.299540	-0.101004
0.716000	1	-0.300486	-0.101004
0.717000	1	-0.301432	-0.101004
0.718000	1	-0.302377	-0.101004
0.719000	1	-0.303322	-0.101004
0.720000	1	-0.304266	-0.101004
0.721000	1	-0.305210	-0.101004
0.722000	1	-0.306154	-0.101004
0.723000	1	-0.307097	-0.101004
0.724000	1	-0.308040	-0.101004
0.725000	1	-0.308983	-0.101004
0.726000	1	-0.309925	-0.101004
0.727000	1	-0.310867	-0.101004
0.728000	1	-0.311808	-0.101004
0.729000	1	-0.312749	-0.101004
0.730000	1	-0.313690	-0.101004
0.731000	1	-0.314631	-0.101004
0.732000	1	-0.315571	-0.101004
0.733000	1	-0.316512	-0.101004
0.734000	1	-0.317451	-0.101004
0.735000	1	-0.318391	-0.101004
0.736000	1	-0.319331	-0.101004
0.737000	1	-0.320270	-0.101004
0.738000	1	-0.321209	-0.101004
0.739000	1	-0.322148	-0.101004
0.740000	1	-0.323086	-0.101004
0.741000	1	-0.324025	-0.101004
0.742000	1	-0.324963	-0.101004
0.743000	1	-0.325901	-0.101004
0.744000	1	-0.326839	-0.101004
0.745000	1	-0.327777	-0.101004
0.746000	1	-0.328715	-0.101004
0.747000	1	-0.329652	-0.101004
0.748000	1	-0.330590	-0.101004
0.749000	1	-0.331527	-0.101004
0.750000	1	-0.332464	-0.101004
0.751000	1	-0.333401	-0.101004
0.752000	1	-0.334338	-0.101004
0.753000	1	-0.335275	-0.101004
0.754000	1	-0.336212	-0.101004
0.755000	1	-0.337148	-0.101004
0.756000	1	-0.338085	-0.101004
0.757000	1	-0.339021	-0.101004
0.758000	1	-0.339958	-0.101004
0.759000	1	-0.340894	-0.101004
0.760000	1	-0.341830	-0.101004
0.761000	1	-0.342766	-0.101004
0.762000	1	-0.343702	-0.101004
0.763000	1	-0.344638	-0.101004
0.764000	1	-0.345574	-0.101004
0.765000	1	-0.346510	-0.101004
0.766000	1	-0.347446	-0.101004
0.767000	1	-0.348382	-0.101004
0.768000	1	-0.349317	-0.101004
0.769000	1	-0.350253	-0.101004
0.770000	1	-0.351189	-0.101004
0.771000	1	-0.352124	-0.101004
0.772000	1	-0.353060	-0.101004
0.773000	1	-0.353995	-0.101004
0.774000	1	-0.354930	-0.101004
0.775000	1	-0.355866	-0.101004
0.776000	1	-0.356801	-0.101004
0.777000	1	-0.357736	-0.101004
0.778000	1	-0.358671	-0.101004
0.779000	1	-0.359607	-0.101004
0.780000	1	-0.360542	-0.101004
0.781000	1	-0.361477	-0.101004
0.782000	1	-0.362412	-0.101004
0.783000	1	-0.363347	-0.101004
0.784000	1	-0.364282	-0.101004
0.785000	1	-0.365217	-0.101004
0.786000	1	-0.366152	-0.101004
0.787000	1	-0.367087	-0.101004
0.788000	1	-0.368022	-0.101004
0.789000	1	-0.368957	-0.101004
0.790000	1	-0.369892	-0.101004
0.791000	1	-0.370826	-0.101004
0.792000	1	-0.371761	-0.101004
0.793000	1	-0.372696	-0.101004
0.794000	1	-0.373631	-0.101004
0.795000	1	-0.374566	-0.101004
0.796000	1	-0.375500	-0.101004
0.797000	1	-0.376435	-0.101004
0.798000	1	-0.377370	-0.101004
0.799000	1	-0.378305	-0.101004
0.800000	1	-0.375436	-0.091116
0.801000	1	-0.372722	-0.091116
0.802000	1	-0.370156	-0.091116
0.803000	1	-0.367731	-0.091116
0.804000	1	-0.365443	-0.091116
0.805000	1	-0.363284	-0.091116
0.806000	1	-0.361251	-0.091116
0.807000	1	-0.359337	-0.091116
0.808000	1	-0.357537	-0.091116
0.809000	1	-0.355848	-0.091116
0.810000	1	-0.354264	-0.091116
0.811000	1	-0.352780	-0.091116
0.812000	1	-0.351394	-0.091116
0.813000	1	-0.350100	-0.091116
0.814000	1	-0.348895	-0.091116
0.815000	1	-0.347775	-0.091116
0.816000	1	-0.346736	-0.091116
0.817000	1	-0.345776	-0.091116
0.818000	1	-0.344891	-0.091116
0.819000	1	-0.344078	-0.091116
0.820000	1	-0.343333	-0.091116
0.821000	1	-0.342655	-0.091116
0.822000	1	-0.342040	-0.091116
0.823000	1	-0.341485	-0.091116
0.824000	1	-0.340989	-0.091116
0.825000	1	-0.340548	-0.091116
0.826000	1	-0.340160	-0.091116
0.827000	1	-0.339824	-0.091116
0.828000	1	-0.339537	-0.091116
0.829000	1	-0.339297	-0.091116
0.830000	1	-0.339102	-0.091116
0.831000	1	-0.338949	-0.091116
0.832000	1	-0.338839	-0.091116
0.833000	1	-0.338768	-0.091116
0.834000	1	-0.338735	-0.091116
0.835000	1	-0.338738	-0.091116
0.836000	1	-0.338776	-0.091116
0.837000	1	-0.338848	-0.091116
0.838000	1	-0.338952	-0.091116
0.839000	1	-0.339086	-0.091116
0.840000	1	-0.339250	-0.091116
0.841000	1	-0.339443	-0.091116
0.842000	1	-0.339662	-0.091116
0.843000	1	-0.339907	-0.091116
0.844000	1	-0.340177	-0.091116
0.845000	1	-0.340471	-0.091116
0.846000	1	-0.340788	-0.091116
0.847000	1	-0.341126	-0.091116
0.848000	1	-0.341486	-0.091116
0.849000	1	-0.341865	-0.091116
0.850000	1	-0.342264	-0.091116
0.851000	1	-0.342681	-0.091116
0.852000	1	-0.343117	-0.091116
0.853000	1	-0.343569	-0.091116
0.854000	1	-0.344037	-0.091116
0.855000	1	-0.344521	-0.091116
0.856000	1	-0.345019	-0.091116
0.857000	1	-0.345532	-0.091116
0.858000	1	-0.346059	-0.091116
0.859000	1	-0.346599	-0.091116
0.860000	1	-0.347152	-0.091116
0.861000	1	-0.347716	-0.091116
0.862000	1	-0.348292	-0.091116
0.863000	1	-0.348880	-0.091116
0.864000	1	-0.349477	-0.091116
0.865000	1	-0.350086	-0.091116
0.866000	1	-0.350703	-0.091116
0.867000	1	-0.351331	-0.091116
0.868000	1	-0.351967	-0.091116
0.869000	1	-0.352611	-0.091116
0.870000	1	-0.353264	-0.091116
0.871000	1	-0.353925	-0.091116
0.872000	1	-0.354594	-0.091116
0.873000	1	-0.355269	-0.091116
0.874000	1	-0.355952	-0.091116
0.875000	1	-0.356641	-0.091116
0.876000	1	-0.357337	-0.091116
0.877000	1	-0.358039	-0.091116
0.878000	1	-0.358747	-0.091116
0.879000	1	-0.359460	-0.091116
0.880000	1	-0.360179	-0.091116
0.881000	1	-0.360902	-0.091116
0.882000	1	-0.361631	-0.091116
0.883000	1	-0.362365	-0.091116
0.884000	1	-0.363103	-0.091116
0.885000	1	-0.363845	-0.091116
0.886000	1	-0.364592	-0.091116
0.887000	1	-0.365343	-0.091116
0.888000	1	-0.366097	-0.091116
0.889000	1	-0.366855	-0.091116
0.890000	1	-0.367617	-0.091116
0.891000	1	-0.368382	-0.091116
0.892000	1	-0.369150	-0.091116
0.893000	1	-0.369922	-0.091116
0.894000	1	-0.370696	-0.091116
0.895000	1	-0.371473	-0.091116
0.896000	1	-0.372253	-0.091116
0.897000	1	-0.373036	-0.091116
0.898000	1	-0.373821	-0.091116
0.899000	1	-0.374608	-0.091116
0.900000	1	-0.375398	-0.091116
0.901000	1	-0.376190	-0.091116
0.902000	1	-0.376984	-0.091116
0.903000	1	-0.377780	-0.091116
0.904000	1	-0.378578	-0.091116
0.905000	1	-0.379378	-0.091116
0.906000	1	-0.380180	-0.091116
0.907000	1	-0.380983	-0.091116
0.908000	1	-0.381788	-0.091116
0.909000	1	-0.382595	-0.091116
0.910000	1	-0.383403	-0.091116
0.911000	1	-0.384213	-0.091116
0.912000	1	-0.385024	-0.091116
0.913000	1	-0.385836	-0.091116
0.914000	1	-0.386649	-0.091116
0.915000	1	-0.387464	-0.091116
0.916000	1	-0.388280	-0.091116
0.917000	1	-0.389097	-0.091116
0.918000	1	-0.389915	-0.091116
0.919000	1	-0.390735	-0.091116
0.920000	1	-0.391555	-0.091116
0.921000	1	-0.392376	-0.091116
0.922000	1	-0.393198	-0.091116
0.923000	1	-0.394021	-0.091116
0.924000	1	-0.394845	-0.091116
0.925000	1	-0.395669	-0.091116
0.926000	1	-0.396494	-0.091116
0.927000	1	-0.397320	-0.091116
0.928000	1	-0.398147	-0.091116
0.929000	1	-0.398974	-0.091116
0.930000	1	-0.399802	-0.091116
0.931000	1	-0.400631	-0.091116
0.932000	1	-0.401460	-0.091116
0.933000	1	-0.402290	-0.091116
0.934000	1	-0.403120	-0.091116
0.935000	1	-0.403951	-0.091116
0.936000	1	-0.404783	-0.091116
0.937000	1	-0.405615	-0.091116
0.938000	1	-0.406447	-0.091116
0.939000	1	-0.407280	-0.091116
0.940000	1	-0.408113	-0.091116
0.941000	1	-0.408946	-0.091116
0.942000	1	-0.409780	-0.091116
0.943000	1	-0.410615	-0.091116
0.944000	1	-0.411449	-0.091116
0.945000	1	-0.412284	-0.091116
0.946000	1	-0.413120	-0.091116
0.947000	1	-0.413955	-0.091116
0.948000	1	-0.414791	-0.091116
0.949000	1	-0.415628	-0.091116
0.950000	1	-0.416464	-0.091116
0.951000	1	-0.417301	-0.091116
0.952000	1	-0.418138	-0.091116
0.953000	1	-0.418975	-0.091116
0.954000	1	-0.419813	-0.091116
0.955000	1	-0.420651	-0.091116
0.956000	1	-0.421489	-0.091116
0.957000	1	-0.422327	-0.091116
0.958000	1	-0.423165	-0.091116
0.959000	1	-0.424004	-0.091116
0.960000	1	-0.424842	-0.091116
0.961000	1	-0.425681	-0.091116
0.962000	1	-0.426520	-0.091116
0.963000	1	-0.427360	-0.091116
0.964000	1	-0.428199	-0.091116
0.965000	1	-0.429038	-0.091116
0.966000	1	-0.429878	-0.091116
0.967000	1	-0.430718	-0.091116
0.968000	1	-0.431558	-0.091116
0.969000	1	-0.432398	-0.091116
0.970000	1	-0.433238	-0.091116
0.971000	1	-0.434078	-0.091116
0.972000	1	-0.434919	-0.091116
0.973000	1	-0.435759	-0.091116
0.974000	1	-0.436600	-0.091116
0.975000	1	-0.437440	-0.091116
0.976000	1	-0.438281	-0.091116
0.977000	1	-0.439122	-0.091116
0.978000	1	-0.439963	-0.091116
0.979000	1	-0.440804	-0.091116
0.980000	1	-0.441645	-0.091116
0.981000	1	-0.442486	-0.091116
0.982000	1	-0.443328	-0.091116
0.983000	1	-0.444169	-0.091116
0.984000	1	-0.445010	-0.091116
0.985000	1	-0.445852	-0.091116
0.986000	1	-0.446693	-0.091116
0.987000	1	-0.447535	-0.091116
0.988000	1	-0.448377	-0.091116
0.989000	1	-0.449218	-0.091116
0.990000	1	-0.450060	-0.091116
0.991000	1	-0.450902	-0.091116
0.992000	1	-0.451743	-0.091116
0.993000	1	-0.452585	-0.091116
0.994000	1	-0.453427	-0.091116
0.995000	1	-0.454269	-0.091116
0.996000	1	-0.455111	-0.091116
0.997000	1	-0.455953	-0.091116
0.998000	1	-0.456795	-0.091116
0.999000	1	-0.457637	-0.091116
1.000000	1	-0.452100	-0.074530
1.001000	1	-0.446822	-0.074530
1.002000	1	-0.441792	-0.074530
1.003000	1	-0.437000	-0.074530
1.004000	1	-0.432435	-0.074530
1.005000	1	-0.428089	-0.074530
1.006000	1	-0.423953	-0.074530
1.007000	1	-0.420017	-0.074530
1.008000	1	-0.416273	-0.074530
1.009000	1	-0.412714	-0.074530
1.010000	1	-0.409331	-0.074530
1.011000	1	-0.406118	-0.074530
1.012000	1	-0.403067	-0.074530
1.013000	1	-0.400171	-0.074530
1.014000	1	-0.397425	-0.074530
1.015000	1	-0.394821	-0.074530
1.016000	1	-0.392354	-0.074530
1.017000	1	-0.390019	-0.074530
1.018000	1	-0.387809	-0.074530
1.019000	1	-0.385720	-0.074530
1.020000	1	-0.383746	-0.074530
1.021000	1	-0.381883	-0.074530
1.022000	1	-0.380126	-0.074530
1.023000	1	-0.378471	-0.074530
1.024000	1	-0.376914	-0.074530
1.025000	1	-0.375449	-0.074530
1.026000	1	-0.374075	-0.074530
1.027000	1	-0.372786	-0.074530
1.028000	1	-0.371579	-0.074530
1.029000	1	-0.370451	-0.074530
1.030000	1	-0.369399	-0.074530
1.031000	1	-0.368419	-0.074530
1.032000	1	-0.367509	-0.074530
1.033000	1	-0.366665	-0.074530
1.034000	1	-0.365885	-0.074530
1.035000	1	-0.365166	-0.074530
1.036000	1	-0.364505	-0.074530
1.037000	1	-0.363901	-0.074530
1.038000	1	-0.363351	-0.074530
1.039000	1	-0.362852	-0.074530
1.040000	1	-0.362402	-0.074530
1.041000	1	-0.362000	-0.074530
1.042000	1	-0.361643	-0.074530
1.043000	1	-0.361330	-0.074530
1.044000	1	-0.361058	-0.074530
1.045000	1	-0.360826	-0.074530
1.046000	1	-0.360633	-0.074530
1.047000	1	-0.360476	-0.074530
1.048000	1	-0.360355	-0.074530
1.049000	1	-0.360267	-0.074530
1.050000	1	-0.360211	-0.074530
1.051000	1	-0.360187	-0.074530
1.052000	1	-0.360192	-0.074530
1.053000	1	-0.360226	-0.074530
1.054000	1	-0.360287	-0.074530
1.055000	1	-0.360374	-0.074530
1.056000	1	-0.360486	-0.074530
1.057000	1	-0.360622	-0.074530
1.058000	1	-0.360781	-0.074530
1.059000	1	-0.360962	-0.074530
1.060000	1	-0.361164	-0.074530
1.061000	1	-0.361387	-0.074530
1.062000	1	-0.361629	-0.074530
1.063000	1	-0.361889	-0.074530
1.064000	1	-0.362168	-0.074530
1.065000	1	-0.362463	-0.074530
1.066000	1	-0.362775	-0.074530
1.067000	1	-0.363103	-0.074530
1.068000	1	-0.363445	-0.074530
1.069000	1	-0.363802	-0.074530
1.070000	1	-0.364173	-0.074530
1.071000	1	-0.364557	-0.074530
1.072000	1	-0.364954	-0.074530
1.073000	1	-0.365363	-0.074530
1.074000	1	-0.365784	-0.074530
1.075000	1	-0.366215	-0.074530
1.076000	1	-0.366658	-0.074530
1.077000	1	-0.367111	-0.074530
1.078000	1	-0.367573	-0.074530
1.079000	1	-0.368045	-0.074530
1.080000	1	-0.368526	-0.074530
1.081000	1	-0.369016	-0.074530
1.082000	1	-0.369514	-0.074530
1.083000	1	-0.370020	-0.074530
1.084000	1	-0.370534	-0.074530
1.085000	1	-0.371055	-0.074530
1.086000	1	-0.371583	-0.074530
1.087000	1	-0.372117	-0.074530
1.088000	1	-0.372659	-0.074530
1.089000	1	-0.373206	-0.074530
1.090000	1	-0.373759	-0.074530
1.091000	1	-0.374318	-0.074530
1.092000	1	-0.374882	-0.074530
1.093000	1	-0.375452	-0.074530
1.094000	1	-0.376026	-0.074530
1.095000	1	-0.376605	-0.074530
1.096000	1	-0.377189	-0.074530
1.097000	1	-0.377777	-0.074530
1.098000	1	-0.378370	-0.074530
1.099000	1	-0.378966	-0.074530
1.100000	1	-0.379567	-0.074530
1.101000	1	-0.380171	-0.074530
1.102000	1	-0.380778	-0.074530
1.103000	1	-0.381389	-0.074530
1.104000	1	-0.382004	-0.074530
1.105000	1	-0.382621	-0.074530
1.106000	1	-0.383241	-0.074530
1.107000	1	-0.383865	-0.074530
1.108000	1	-0.384491	-0.074530
1.109000	1	-0.385119	-0.074530
1.110000	1	-0.385750	-0.074530
1.111000	1	-0.386384	-0.074530
1.112000	1	-0.387020	-0.074530
1.113000	1	-0.387658	-0.074530
1.114000	1	-0.388298	-0.074530
1.115000	1	-0.388941	-0.074530
1.116000	1	-0.389585	-0.074530
1.117000	1	-0.390231	-0.074530
1.118000	1	-0.390879	-0.074530
1.119000	1	-0.391529	-0.074530
1.120000	1	-0.392180	-0.074530
1.121000	1	-0.392833	-0.074530
1.122000	1	-0.393487	-0.074530
1.123000	1	-0.394143	-0.074530
1.124000	1	-0.394801	-0.074530
1.125000	1	-0.395459	-0.074530
1.126000	1	-0.396119	-0.074530
1.127000	1	-0.396780	-0.074530
1.128000	1	-0.397443	-0.074530
1.129000	1	-0.398106	-0.074530
1.130000	1	-0.398771	-0.074530
1.131000	1	-0.399436	-0.074530
1.132000	1	-0.400103	-0.074530
1.133000	1	-0.400770	-0.074530
1.134000	1	-0.401439	-0.074530
1.135000	1	-0.402108	-0.074530
1.136000	1	-0.402778	-0.074530
1.137000	1	-0.403449	-0.074530
1.138000	1	-0.404121	-0.074530
1.139000	1	-0.404793	-0.074530
1.140000	1	-0.405466	-0.074530
1.141000	1	-0.406140	-0.074530
1.142000	1	-0.406815	-0.074530
1.143000	1	-0.407490	-0.074530
1.144000	1	-0.408165	-0.074530
1.145000	1	-0.408842	-0.074530
1.146000	1	-0.409518	-0.074530
1.147000	1	-0.410196	-0.074530
1.148000	1	-0.410874	-0.074530
1.149000	1	-0.411552	-0.074530
1.150000	1	-0.412231	-0.074530
1.151000	1	-0.412910	-0.074530
1.152000	1	-0.413590	-0.074530
1.153000	1	-0.414270	-0.074530
1.154000	1	-0.414950	-0.074530
1.155000	1	-0.415631	-0.074530
1.156000	1	-0.416312	-0.074530
1.157000	1	-0.416994	-0.074530
1.158000	1	-0.417676	-0.074530
1.159000	1	-0.418358	-0.074530
1.160000	1	-0.419040	-0.074530
1.161000	1	-0.419723	-0.074530
1.162000	1	-0.420406	-0.074530
1.163000	1	-0.421089	-0.074530
1.164000	1	-0.421773	-0.074530
1.165000	1	-0.422457	-0.074530
1.166000	1	-0.423141	-0.074530
1.167000	1	-0.423825	-0.074530
1.168000	1	-0.424510	-0.074530
1.169000	1	-0.425194	-0.074530
1.170000	1	-0.425879	-0.074530
1.171000	1	-0.426564	-0.074530
1.172000	1	-0.427250	-0.074530
1.173000	1	-0.427935	-0.074530
1.174000	1	-0.428621	-0.074530
1.175000	1	-0.429306	-0.074530
1.176000	1	-0.429992	-0.074530
1.177000	1	-0.430678	-0.074530
1.178000	1	-0.431365	-0.074530
1.179000	1	-0.432051	-0.074530
1.180000	1	-0.432737	-0.074530
1.181000	1	-0.433424	-0.074530
1.182000	1	-0.434111	-0.074530
1.183000	1	-0.434797	-0.074530
1.184000	1	-0.435484	-0.074530
1.185000	1	-0.436171	-0.074530
1.186000	1	-0.436859	-0.074530
1.187000	1	-0.437546	-0.074530
1.188000	1	-0.438233	-0.074530
1.189000	1	-0.438921	-0.074530
1.190000	1	-0.439608	-0.074530
1.191000	1	-0.440296	-0.074530
1.192000	1	-0.440983	-0.074530
1.193000	1	-0.441671	-0.074530
1.194000	1	-0.442359	-0.074530
1.195000	1	-0.443047	-0.074530
1.196000	1	-0.443735	-0.074530
1.197000	1	-0.444423	-0.074530
1.198000	1	-0.445111	-0.074530
1.199000	1	-0.445799	-0.074530
1.200000	1	-0.439459	-0.056256
1.201000	1	-0.433404	-0.056256
1.202000	1	-0.427622	-0.056256
1.203000	1	-0.422102	-0.056256
1.204000	1	-0.416834	-0.056256
1.205000	1	-0.411806	-0.056256
1.206000	1	-0.407009	-0.056256
1.207000	1	-0.402433	-0.056256
1.208000	1	-0.398069	-0.056256
1.209000	1	-0.393908	-0.056256
1.210000	1	-0.389941	-0.056256
1.211000	1	-0.386161	-0.056256
1.212000	1	-0.382560	-0.056256
1.213000	1	-0.379130	-0.056256
1.214000	1	-0.375865	-0.056256
1.215000	1	-0.372757	-0.056256
1.216000	1	-0.369800	-0.056256
1.217000	1	-0.366987	-0.056256
1.218000	1	-0.364313	-0.056256
1.219000	1	-0.361772	-0.056256
1.220000	1	-0.359358	-0.056256
1.221000	1	-0.357066	-0.056256
1.222000	1	-0.354891	-0.056256
1.223000	1	-0.352828	-0.056256
1.224000	1	-0.350872	-0.056256
1.225000	1	-0.349020	-0.056256
1.226000	1	-0.347266	-0.056256
1.227000	1	-0.345606	-0.056256
1.228000	1	-0.344038	-0.056256
1.229000	1	-0.342556	-0.056256
1.230000	1	-0.341157	-0.056256
1.231000	1	-0.339838	-0.056256
1.232000	1	-0.338596	-0.056256
1.233000	1	-0.337427	-0.056256
1.234000	1	-0.336328	-0.056256
1.235000	1	-0.335296	-0.056256
1.236000	1	-0.334329	-0.056256
1.237000	1	-0.333424	-0.056256
1.238000	1	-0.332578	-0.056256
1.239000	1	-0.331789	-0.056256
1.240000	1	-0.331055	-0.056256
1.241000	1	-0.330372	-0.056256
1.242000	1	-0.329740	-0.056256
1.243000	1	-0.329155	-0.056256
1.244000	1	-0.328617	-0.056256
1.245000	1	-0.328122	-0.056256
1.246000	1	-0.327670	-0.056256
1.247000	1	-0.327258	-0.056256
1.248000	1	-0.326885	-0.056256
1.249000	1	-0.326549	-0.056256
1.250000	1	-0.326248	-0.056256
1.251000	1	-0.325982	-0.056256
1.252000	1	-0.325749	-0.056256
1.253000	1	-0.325546	-0.056256
1.254000	1	-0.325374	-0.056256
1.255000	1	-0.325231	-0.056256
1.256000	1	-0.325115	-0.056256
1.257000	1	-0.325026	-0.056256
1.258000	1	-0.324962	-0.056256
1.259000	1	-0.324922	-0.056256
1.260000	1	-0.324906	-0.056256
1.261000	1	-0.324912	-0.056256
1.262000	1	-0.324939	-0.056256
1.263000	1	-0.324987	-0.056256
1.264000	1	-0.325054	-0.056256
1.265000	1	-0.325141	-0.056256
1.266000	1	-0.325245	-0.056256
1.267000	1	-0.325367	-0.056256
1.268000	1	-0.325505	-0.056256
1.269000	1	-0.325659	-0.056256
1.270000	1	-0.325828	-0.056256
1.271000	1	-0.326012	-0.056256
1.272000	1	-0.326210	-0.056256
1.273000	1	-0.326422	-0.056256
1.274000	1	-0.326646	-0.056256
1.275000	1	-0.326882	-0.056256
1.276000	1	-0.327131	-0.056256
1.277000	1	-0.327390	-0.056256
1.278000	1	-0.327661	-0.056256
1.279000	1	-0.327942	-0.056256
1.280000	1	-0.328232	-0.056256
1.281000	1	-0.328533	-0.056256
1.282000	1	-0.328842	-0.056256
1.283000	1	-0.329161	-0.056256
1.284000	1	-0.329487	-0.056256
1.285000	1	-0.329822	-0.056256
1.286000	1	-0.330164	-0.056256
1.287000	1	-0.330514	-0.056256
1.288000	1	-0.330871	-0.056256
1.289000	1	-0.331235	-0.056256
1.290000	1	-0.331605	-0.056256
1.291000	1	-0.331982	-0.056256
1.292000	1	-0.332364	-0.056256
1.293000	1	-0.332752	-0.056256
1.294000	1	-0.333146	-0.056256
1.295000	1	-0.333545	-0.056256
1.296000	1	-0.333949	-0.056256
1.297000	1	-0.334358	-0.056256
1.298000	1	-0.334772	-0.056256
1.299000	1	-0.335189	-0.056256
1.300000	1	-0.335612	-0.056256
1.301000	1	-0.336038	-0.056256
1.302000	1	-0.336468	-0.056256
1.303000	1	-0.336902	-0.056256
1.304000	1	-0.337340	-0.056256
1.305000	1	-0.337781	-0.056256
1.306000	1	-0.338225	-0.056256
1.307000	1	-0.338672	-0.056256
1.308000	1	-0.339123	-0.056256
1.309000	1	-0.339576	-0.056256
1.310000	1	-0.340033	-0.056256
1.311000	1	-0.340491	-0.056256
1.312000	1	-0.340953	-0.056256
1.313000	1	-0.341417	-0.056256
1.314000	1	-0.341883	-0.056256
1.315000	1	-0.342351	-0.056256
1.316000	1	-0.342822	-0.056256
1.317000	1	-0.343295	-0.056256
1.318000	1	-0.343769	-0.056256
1.319000	1	-0.344246	-0.056256
1.320000	1	-0.344724	-0.056256
1.321000	1	-0.345205	-0.056256
1.322000	1	-0.345686	-0.056256
1.323000	1	-0.346170	-0.056256
1.324000	1	-0.346655	-0.056256
1.325000	1	-0.347141	-0.056256
1.326000	1	-0.347629	-0.056256
1.327000	1	-0.348118	-0.056256
1.328000	1	-0.348609	-0.056256
1.329000	1	-0.349101	-0.056256
1.330000	1	-0.349593	-0.056256
1.331000	1	-0.350088	-0.056256
1.332000	1	-0.350583	-0.056256
1.333000	1	-0.351079	-0.056256
1.334000	1	-0.351576	-0.056256
1.335000	1	-0.352074	-0.056256
1.336000	1	-0.352574	-0.056256
1.337000	1	-0.353074	-0.056256
1.338000	1	-0.353574	-0.056256
1.339000	1	-0.354076	-0.056256
1.340000	1	-0.354578	-0.056256
1.341000	1	-0.355082	-0.056256
1.342000	1	-0.355586	-0.056256
1.343000	1	-0.356090	-0.056256
1.344000	1	-0.356595	-0.056256
1.345000	1	-0.357101	-0.056256
1.346000	1	-0.357608	-0.056256
1.347000	1	-0.358115	-0.056256
1.348000	1	-0.358622	-0.056256
1.349000	1	-0.359131	-0.056256
1.350000	1	-0.359639	-0.056256
1.351000	1	-0.360148	-0.056256
1.352000	1	-0.360658	-0.056256
1.353000	1	-0.361168	-0.056256
1.354000	1	-0.361679	-0.056256
1.355000	1	-0.362189	-0.056256
1.356000	1	-0.362701	-0.056256
1.357000	1	-0.363212	-0.056256
1.358000	1	-0.363725	-0.056256
1.359000	1	-0.364237	-0.056256
1.360000	1	-0.364750	-0.056256
1.361000	1	-0.365263	-0.056256
1.362000	1	-0.365776	-0.056256
1.363000	1	-0.366290	-0.056256
1.364000	1	-0.366804	-0.056256
1.365000	1	-0.367318	-0.056256
1.366000	1	-0.367832	-0.056256
1.367000	1	-0.368347	-0.056256
1.368000	1	-0.368862	-0.056256
1.369000	1	-0.369377	-0.056256
1.370000	1	-0.369892	-0.056256
1.371000	1	-0.370408	-0.056256
1.372000	1	-0.370924	-0.056256
1.373000	1	-0.371440	-0.056256
1.374000	1	-0.371956	-0.056256
1.375000	1	-0.372472	-0.056256
1.376000	1	-0.372989	-0.056256
1.377000	1	-0.373505	-0.056256
1.378000	1	-0.374022	-0.056256
1.379000	1	-0.374539	-0.056256
1.380000	1	-0.375056	-0.056256
1.381000	1	-0.375574	-0.056256
1.382000	1	-0.376091	-0.056256
1.383000	1	-0.376609	-0.056256
1.384000	1	-0.377126	-0.056256
1.385000	1	-0.377644	-0.056256
1.386000	1	-0.378162	-0.056256
1.387000	1	-0.378680	-0.056256
1.388000	1	-0.379198	-0.056256
1.389000	1	-0.379716	-0.056256
1.390000	1	-0.380234	-0.056256
1.391000	1	-0.380753	-0.056256
1.392000	1	-0.381271	-0.056256
1.393000	1	-0.381790	-0.056256
1.394000	1	-0.382308	-0.056256
1.395000	1	-0.382827	-0.056256
1.396000	1	-0.383346	-0.056256
1.397000	1	-0.383864	-0.056256
1.398000	1	-0.384383	-0.056256
1.399000	1	-0.384902	-0.056256
1.400000	1	-0.378890	-0.039274
1.401000	1	-0.373142	-0.039274
1.402000	1	-0.367649	-0.039274
1.403000	1	-0.362399	-0.039274
1.404000	1	-0.357382	-0.039274
1.405000	1	-0.352590	-0.039274
1.406000	1	-0.348011	-0.039274
1.407000	1	-0.343638	-0.039274
1.408000	1	-0.339462	-0.039274
1.409000	1	-0.335475	-0.039274
1.410000	1	-0.331668	-0.039274
1.411000	1	-0.328035	-0.039274
1.412000	1	-0.324568	-0.039274
1.413000	1	-0.321261	-0.039274
1.414000	1	-0.318106	-0.039274
1.415000	1	-0.315097	-0.039274
1.416000	1	-0.312228	-0.039274
1.417000	1	-0.309494	-0.039274
1.418000	1	-0.306889	-0.039274
1.419000	1	-0.304407	-0.039274
1.420000	1	-0.302043	-0.039274
1.421000	1	-0.299793	-0.039274
1.422000	1	-0.297651	-0.039274
1.423000	1	-0.295614	-0.039274
1.424000	1	-0.293676	-0.039274
1.425000	1	-0.291834	-0.039274
1.426000	1	-0.290084	-0.039274
1.427000	1	-0.288421	-0.039274
1.428000	1	-0.286843	-0.039274
1.429000	1	-0.285346	-0.039274
1.430000	1	-0.283926	-0.039274
1.431000	1	-0.282580	-0.039274
1.432000	1	-0.281305	-0.039274
1.433000	1	-0.280098	-0.039274
1.434000	1	-0.278956	-0.039274
1.435000	1	-0.277877	-0.039274
1.436000	1	-0.276858	-0.039274
1.437000	1	-0.275897	-0.039274
1.438000	1	-0.274990	-0.039274
1.439000	1	-0.274137	-0.039274
1.440000	1	-0.273334	-0.039274
1.441000	1	-0.272579	-0.039274
1.442000	1	-0.271871	-0.039274
1.443000	1	-0.271208	-0.039274
1.444000	1	-0.270587	-0.039274
1.445000	1	-0.270007	-0.039274
1.446000	1	-0.269466	-0.039274
1.447000	1	-0.268963	-0.039274
1.448000	1	-0.268496	-0.039274
1.449000	1	-0.268063	-0.039274
1.450000	1	-0.267664	-0.039274
1.451000	1	-0.267296	-0.039274
1.452000	1	-0.266959	-0.039274
1.453000	1	-0.266651	-0.039274
1.454000	1	-0.266370	-0.039274
1.455000	1	-0.266117	-0.039274
1.456000	1	-0.265889	-0.039274
1.457000	1	-0.265686	-0.039274
1.458000	1	-0.265506	-0.039274
1.459000	1	-0.265349	-0.039274
1.460000	1	-0.265213	-0.039274
1.461000	1	-0.265098	-0.039274
1.462000	1	-0.265003	-0.039274
1.463000	1	-0.264928	-0.039274
1.464000	1	-0.264870	-0.039274
1.465000	1	-0.264830	-0.039274
1.466000	1	-0.264806	-0.039274
1.467000	1	-0.264799	-0.039274
1.468000	1	-0.264807	-0.039274
1.469000	1	-0.264830	-0.039274
1.470000	1	-0.264867	-0.039274
1.471000	1	-0.264918	-0.039274
1.472000	1	-0.264982	-0.039274
